:|sssssssss;:    1,     2,     3,     4,     5,     6,     7,     8,    9
clk:|ppppppppp.+1, -12, 39, 25, 41, 25, 77, 61, 79, 60, 98, 20, 99, 19, 122, -12, 123, -13, 161, -52, 161, -49, 200, -12, 201, -12, 243, 22, 243, 23, 280, 60, 281, 59, 324, 116, 326, 117, 358, 163, 360, 164, 403, 207, 403, 209, 455, 247, ^408, 21, 9, 376, 53, 5,:  1,,  2,,  3,,  4,,  5,,  6,,  7,,  8,,  
signal:|lllrhhfll.+125, -13, 201, 24, 447, -76, 270, -18, :,,,             signal high level*0
put:|lhlhlhlhl.+11, 327, :      1,     2,     3,     4,     5,     6,     7,     8,     9,
:+-11, 84, 21, 68, 21, 71, 56, 81, 66, 88, 36, 186, 43, 182, 77, 157, 79, 86, 114, 70, 116, 74, 141, 89, -1, 95, 38, 94, 87, 101, 122, 100, 32, 200, 48, 201, 49, 202, 72, 188, 37, 18, -35, 62, 35, -3, 142, 45, 145, 50, 151, 129, 
:+118, 74, 90, 76, 31, 75, 1, 64, 52, 151, 98, 130, 29, 152, -4, 127, 148, -56, 575, 174, 573, 172, 615, -73, 









